015516.jpg 5 -37.8332 4.19672 0.0605291
012372.jpg 5 4.038 13.592 -0.163241
013382.jpg 5 54.8821 11.9991 0.065234
030245.jpg 10 -12.3658 3.55884 1.03875
010434.jpg 10 0.0319883 9.20977 -0.0150174
031139.jpg 2 -137.486 9.2722 0.00187745
026428.jpg 8 -0.294105 -22.3292 0.12317
024803.jpg 4 23.183 2.02351 -1.7774
003990.jpg 8 -8.24782 0.162112 0.395862
027324.jpg 8 5.25644 1.24285 -0.287277
043671.jpg 0 0.00150163 -8.65669e-06 5.70135e-06
044335.jpg 0 -7.85694e-05 5.43209e-06 1.28437e-06
018120.jpg 5 -52.9701 16.9636 5.27508
010714.jpg 10 -1.82923 2.11395 0.00947765
033235.jpg 8 0.0671993 -2.56165 -0.266063
044576.jpg 0 0.000680866 -3.04718e-06 -9.12093e-07
022110.jpg 6 13.8081 10.3022 -1.39051
036206.jpg 5 -38.3405 10.5681 0.0492846
004892.jpg 4 -4.57434 1.85287 0.0501044
031459.jpg 2 0.965982 2.97336 -0.000826722
033736.jpg 4 36.5696 18.0352 1.00543
037597.jpg 5 37.7481 13.2429 -0.25273
044305.jpg 0 0.000450078 -5.05866e-06 -1.49656e-06
027479.jpg 8 7.00659 -17.6568 -8.68226
029015.jpg 4 -10.8412 0.619576 0.557823
026228.jpg 9 42.3062 8.79361 -3.01336
014894.jpg 4 -6.42454 1.06518 0.0035983
003562.jpg 1 -24.3407 5.78551 7.87436e-05
016916.jpg 5 -146.017 17.3724 1.08053
014849.jpg 5 73.6875 14.7551 -1.21305
037805.jpg 8 0.128173 -25.1125 0.159893
007240.jpg 5 -131.333 11.7854 -0.0382295
019824.jpg 7 0.76805 0.981659 -0.0738443
002104.jpg 1 27.1856 7.57994 -0.0015595
037120.jpg 6 15.5057 7.34474 -0.423555
022087.jpg 5 -25.3945 9.40068 -0.249592
032163.jpg 5 -1.7514 2.37598 0.0404873
041903.jpg 0 0.00131171 -8.29277e-06 -3.71628e-06
027112.jpg 5 -21.4833 4.42597 0.0118448
000993.jpg 1 55.2269 7.98794 -0.00276114
004003.jpg 4 -12.1975 6.93646 0.0708341
041960.jpg 0 0.000376693 2.09424e-06 1.1562e-05
002821.jpg 8 -2.16913 -24.0823 1.35628
016397.jpg 5 -14.3969 10.0719 1.18832
032425.jpg 8 -0.0339893 -38.1442 -0.128878
021546.jpg 5 83.1222 20.2251 -0.57232
013212.jpg 5 32.924 14.7124 0.175086
027499.jpg 9 -40.8008 10.5591 2.59265
027666.jpg 8 -7.00207 -10.2941 13.3578
030491.jpg 2 43.9332 3.39996 -0.00020675
032526.jpg 8 11.0674 -46.4106 -9.81115
009385.jpg 4 3.52464 3.83312 0.00985888
010753.jpg 10 -34.0499 16.2072 5.1453
019401.jpg 5 -28.8351 6.57519 0.703265
038852.jpg 6 -0.308034 11.7765 0.310439
043908.jpg 0 0.00131268 -6.56229e-06 4.16183e-07
022765.jpg 6 -3.28721 16.1356 -0.248316
010645.jpg 4 -0.868113 6.97026 1.30953
001865.jpg 1 -3.88853 13.8822 0.00166196
039138.jpg 10 4.47077 0.344019 -0.108475
029031.jpg 4 -38.9237 14.1473 0.173451
023959.jpg 7 -0.209369 -0.10697 0.0005597
021089.jpg 5 63.93 13.0248 -2.33657
003749.jpg 9 -2.36968 0.917839 0.206203